function e = ep(y)

% e = 7.2438/100*y;

% e = -4.0051/100*(1-y);

e = -2/100*(1-y);

end